-5.738 1
2.044 1
-0.309 1
2.022 1
-4.051 1
0.547 1
0.07 1
2.873 1
0.637 1
-0.999 1
-2.234 1
0.405 1
1.024 1
-2.234 1
-1.385 1
3.706 1
1.49 1
-2.607 1
-2.551 1
3.858 1
-1.491 1
1.154 1
0.736 1
0.759 1
-3.993 1
-2.364 1
0.479 1
1.374 1
3.521 1
-2.653 1
-1.922 1
2.655 1
1.437 1
0.613 1
1.949 1
0.676 1
3.255 1
-0.271 1
-3.055 1
1.847 1
-0.033 1
-1.987 1
0.024 1
1.987 1
1.218 1
3.533 1
-0.875 1
2.97 1
-0.728 1
-1.868 1
9.021 2
-9.049 2
-0.531 2
9.977 2
-3.546 2
7.721 2
-12.325 2
-1.729 2
-5.033 2
6.449 2
-5.463 2
6.316 2
4.173 2
5.883 2
-0.51 2
0.955 2
1.447 2
-2.667 2
2.913 2
-4.412 2
-4.107 2
-1.686 2
-1.411 2
-4.348 2
-3.615 2
-3.952 2
-1.429 2
-6.12 2
5.606 2
13.995 2
1.51 2
4.915 2
-0.379 2
-2.167 2
7.205 2
-1.18 2
0.047 2
3.502 2
4.107 2
-9.661 2
2.197 2
7.304 2
1.458 2
-6.025 2
10.235 2
1.31 2
-0.891 2
2.22 2
2.115 2
0.969 2
