-0.994 0.167
-0.509 -0.853
0.645 -0.299
-0.833 1.771
1.152 0.633
-1.349 -0.495
-1.437 0.514
0.153 0.142
0.201 0.264
-0.214 -0.303
0.605 0.429
0.912 1.514
0.115 -0.273
-0.09 -0.736
1.563 -0.114
0.033 -1.383
-0.81 0.726
-0.686 1.531
-0.797 0.087
-0.199 -0.046
-0.487 -0.619
2.183 0.992
-0.087 2.228
-2.084 -0.485
-0.047 0.062
0.295 0.074
-1.041 -1.22
-0.418 0.335
-0.543 -0.942
-0.064 0.262
0.775 0.633
1.132 -0.201
-0.326 0.231
0.274 -0.658
-0.2 -1.001
1.614 -0.094
-1.246 -0.132
-0.856 -1.512
-0.808 -1.183
2.183 0.495
-0.965 1.479
0.533 0.483
0.795 -0.103
-0.174 0.444
-0.952 -0.347
-0.393 0.342
0.176 -1.509
1.09 0.074
1.022 -4.123
0.341 1.807
